# In this file, enter your highways in format [State]:[#,#,...]
AZ: 24
CO: 9
KS: 27
MD: 42
MO: 19
NV: 28
WV: 43
WY: 22
AK: 1, 3
AR: 50, 10
HI: 11, 19
IL: 32, 48
IN: 1, 38
MA: 6, 28
MT: 3, 40
NE: 29, 31
NH: 16, 18
NJ: 35, 37
ND: 6, 15
OK: 3, 11
SD: 40, 44
WI: 21, 44
ID: 31, 33, 43
IA: 3, 13, 22
KY: 11, 32, 36
LA: 39, 46, 49
MS: 27, 25, 18
TN: 6, 11, 14
VT: 12, 14, 30
AL: 9, 21, 13, 17
NM: 14, 44, 45, 47
NY: 13, 34, 39, 27
NC: 16, 24, 27, 49
RI: 2, 4, 5, 10, 45
TX: 12, 5, 6, 16
VA: 8, 16, 37, 43
ME: 3, 9, 15, 4, 11
CT: 10, 8, 15, 34, 32, 12
FL: 44, 9, 15, 7, 20, 26
OH: 41, 7, 11, 21, 3, 18
WA: 4, 6, 7, 14, 16, 18
MI: 14, 17, 27, 28, 13, 15, 25
MN: 24, 25, 15, 4, 27, 29, 9
OR: 6, 18, 22, 34, 38, 42, 43
UT: 7, 9, 12, 14, 17, 18, 46
DE: 1, 2, 3, 4, 7, 20, 24, 26
SC: 5, 6, 7, 9, 12, 27, 34, 35
CA: 1, 9, 17, 22, 27, 35, 46, 41, 49, 28, 45, 44
GA: 11, 12, 14, 15, 16, 17, 20, 22, 23, 24, 25, 36, 42, 46
PA: 5, 8, 10, 14, 17, 18, 21, 23, 25, 26, 29, 31, 32, 33, 34, 35, 36, 38, 39, 43, 44, 45, 46, 48, 49, 50