AL: 9, 21, 13, 17
AK: 1, 3
AZ: 24
AR: 50, 10
CA: 1, 9, 17, 22, 27, 35, 46, 41, 49
CO: 9
CT: 10
DE: 1, 20, 24, 26
FL: 44, 9, 15
GA: 11, 12, 14, 15, 16, 17, 20, 22, 23, 24, 25, 36, 42, 46
HI: 11, 19
ID: 31, 33, 43
IL: 32, 48
IN: 1, 38
IA: 3, 13, 22
KS: 27
KY: 11, 32, 36
LA: 39, 46, 49
ME: 3, 9, 15
MD: 42
MA: 6, 28
MI: 14, 17, 27, 28, 13, 15, 25
MN: 24, 25, 15, 4, 27, 29, 9
MS: 27, 25, 18
MO: 19
MT: 3, 40
NE: 29, 31
NV: 28
NH: 16
NJ: 35, 37
NM: 14, 44, 45, 47
NY: 13, 34, 39, 27
NC: 16, 24, 27, 49
ND: 6, 15
OH: 41
OK: 3, 11
OR: 6, 18, 22, 34, 38, 42, 43
PA: 5, 8, 10, 14, 17, 18, 21, 23, 25, 26, 29, 31, 32, 33, 34, 35, 36, 38, 39, 43, 44, 45, 46, 48, 49, 50
RI: 2, 4, 5, 10, 45
SC: 5, 6, 7, 9, 12, 27, 34, 35
SD: 40, 44
TN: 6, 11, 14
TX: 12
UT: 7, 9, 12, 14, 17, 18, 46
VT: 12, 14, 30
VA: 8, 16, 37, 43
WA: 4, 6, 7, 14, 16, 18
WV: 43
WI: 21, 44
WY: 22